{
 "cells": [
  {
   "cell_type": "code",
   "execution_count": 1,
   "id": "fa64d5ca",
   "metadata": {},
   "outputs": [],
   "source": [
    "import numpy as np\n",
    "import matplotlib.pyplot as plt"
   ]
  },
  {
   "cell_type": "code",
   "execution_count": 2,
   "id": "b8ccc385",
   "metadata": {},
   "outputs": [],
   "source": [
    "N = 1000"
   ]
  },
  {
   "cell_type": "code",
   "execution_count": 3,
   "id": "3d52e17b",
   "metadata": {},
   "outputs": [],
   "source": [
    "ip = np.random.rand(N) > 0.5\n",
    "ip = ip.astype(int)"
   ]
  },
  {
   "cell_type": "code",
   "execution_count": 4,
   "id": "d196efbc",
   "metadata": {},
   "outputs": [],
   "source": [
    "Es = 1"
   ]
  },
  {
   "cell_type": "code",
   "execution_count": 5,
   "id": "225a444f",
   "metadata": {},
   "outputs": [],
   "source": [
    "eb_no_db = np.arange(0,25)"
   ]
  },
  {
   "cell_type": "code",
   "execution_count": 6,
   "id": "efdeb494",
   "metadata": {},
   "outputs": [],
   "source": [
    "capacity_rate = np.zeros(len(eb_no_db))\n",
    "\n",
    "capacity_rate_reduced = np.zeros(len(eb_no_db))\n",
    "\n",
    "capacity_rate_CSIT_reduced = np.zeros(len(eb_no_db))\n",
    "capacity_rate_CSIT = np.zeros(len(eb_no_db))"
   ]
  },
  {
   "cell_type": "code",
   "execution_count": 7,
   "id": "fe077f2d",
   "metadata": {},
   "outputs": [],
   "source": [
    "def capacity_each_channel(Es,nTx,noise_variance,S):\n",
    "    \n",
    "    Es = Es\n",
    "    \n",
    "    nTx = nTx\n",
    "    \n",
    "    noise_variance = noise_variance\n",
    "    \n",
    "    S = S\n",
    "    \n",
    "    capacity_each_channel = 0\n",
    "    \n",
    "    for kk in range(len(S)):\n",
    "        \n",
    "        \n",
    "        c = np.log2(1 + np.divide(Es,np.multiply(nTx,noise_variance)) * (np.square(S[kk]) ))\n",
    "        \n",
    "\n",
    "        capacity_each_channel = capacity_each_channel + c\n",
    "        \n",
    "    return capacity_each_channel"
   ]
  },
  {
   "cell_type": "code",
   "execution_count": 8,
   "id": "5839c857",
   "metadata": {},
   "outputs": [],
   "source": [
    "def sigma_four(noise_variance,S1,S2,S3,S4,q_optimal_3):\n",
    "    \n",
    "    S = [S1, S2, S3, S4]\n",
    "    \n",
    "    q_optimal_3 = q_optimal_3\n",
    "    \n",
    "    sigma_four_q = []\n",
    "    \n",
    "    summation_part = 0\n",
    "    \n",
    "    for kk in range(len(S)):\n",
    "        \n",
    "        summation_part = summation_part + (noise_variance/np.square(S[kk]))\n",
    "        \n",
    "    mu = (1/len(S)) * (Es + summation_part)\n",
    "    \n",
    "    for mm in range(len(S)):\n",
    "        \n",
    "        qi = mu - (noise_variance/np.square(S[mm]))\n",
    "        \n",
    "        if(qi > 0 ):\n",
    "            \n",
    "            sigma_four_q.append(qi)\n",
    "            \n",
    "        else:\n",
    "            sigma_four_q = []\n",
    "            \n",
    "            sigma_four_q = q_optimal_3.copy()\n",
    "            \n",
    "            break\n",
    "            \n",
    "    return sigma_four_q"
   ]
  },
  {
   "cell_type": "code",
   "execution_count": 9,
   "id": "7f8d5362",
   "metadata": {},
   "outputs": [],
   "source": [
    "def sigma_three(noise_variance,S1,S2,S3,q_optimal_2):\n",
    "    \n",
    "    S = [S1, S2, S3]\n",
    "    \n",
    "    q_optimal_2 = q_optimal_2\n",
    "    \n",
    "    sigma_three_q = []\n",
    "    \n",
    "    summation_part = 0\n",
    "    \n",
    "    for kk in range(len(S)):\n",
    "        \n",
    "        summation_part = summation_part + (noise_variance/np.square(S[kk]))\n",
    "        \n",
    "    mu = (1/len(S)) * (Es + summation_part)\n",
    "    \n",
    "    for mm in range(len(S)):\n",
    "        \n",
    "        qi = mu - (noise_variance/np.square(S[mm]))\n",
    "        \n",
    "        if(qi > 0 ):\n",
    "            \n",
    "            sigma_three_q.append(qi)\n",
    "            \n",
    "        else:\n",
    "            sigma_three_q = []\n",
    "            \n",
    "            sigma_three_q = q_optimal_2.copy() \n",
    "            \n",
    "            break\n",
    "            \n",
    "    return sigma_three_q"
   ]
  },
  {
   "cell_type": "code",
   "execution_count": 10,
   "id": "223b87a4",
   "metadata": {},
   "outputs": [],
   "source": [
    "def sigma_two(noise_variance,S1,S2,q_optimal_1):\n",
    "    \n",
    "    S = [ S1 , S2 ]\n",
    "    \n",
    "    q_optimal_1 = q_optimal_1\n",
    "\n",
    "    sigma_two_q  = []\n",
    "    \n",
    "    summation_part = 0\n",
    "    \n",
    "    for kk in range(len(S)):\n",
    "        \n",
    "        summation_part = summation_part +  (noise_variance/np.square(S[kk]))\n",
    "        \n",
    "    mu = (1/len(S))* (Es + summation_part)\n",
    "    \n",
    "    for mm in range(len(S)):\n",
    "        \n",
    "        qi = mu - (noise_variance/np.square(S[mm]))\n",
    "        \n",
    "        if(qi > 0):\n",
    "            \n",
    "            sigma_two_q.append(qi)\n",
    "            \n",
    "        else:\n",
    "            sigma_two_q = []\n",
    "            \n",
    "            sigma_two_q = q_optimal_1.copy()\n",
    "            \n",
    "            break\n",
    "            \n",
    "    return sigma_two_q"
   ]
  },
  {
   "cell_type": "code",
   "execution_count": 11,
   "id": "e3af80b3",
   "metadata": {},
   "outputs": [],
   "source": [
    "def sigma_one(noise_variance,S1):\n",
    "    \n",
    "    \n",
    "    S = [S1]\n",
    "    \n",
    "    \n",
    "    sigma_one_q = []\n",
    "    \n",
    "    summation_part = noise_variance / np.square(S1)\n",
    "    \n",
    "    mu = (1/len(S)) * (Es + summation_part )\n",
    "    \n",
    "    q_optimal = mu - (noise_variance / np.square(S1))\n",
    "    \n",
    "    if q_optimal > 0 :\n",
    "        \n",
    "        sigma_one_q.append(q_optimal)\n",
    "        \n",
    "    \n",
    "    \n",
    "    return sigma_one_q"
   ]
  },
  {
   "cell_type": "code",
   "execution_count": 12,
   "id": "7f895c8c",
   "metadata": {},
   "outputs": [],
   "source": [
    "def capacity(noise_variance,S):\n",
    "    \n",
    "    S1 = S[0]\n",
    "    \n",
    "    S2 = S[1]\n",
    "    \n",
    "    S3 = S[2]\n",
    "    \n",
    "    S4 = S[3]\n",
    "    \n",
    "    S = [S1, S2, S3, S4]\n",
    "    \n",
    "    total_capacity = 0\n",
    "    \n",
    "    q_optimal_1 = sigma_one(noise_variance,S1)\n",
    "    \n",
    "    c1 = np.log2(1 + (1/noise_variance)* np.square(S1) * q_optimal_1[0])\n",
    "    \n",
    "    q_optimal_2 = sigma_two(noise_variance,S1,S2,q_optimal_1)\n",
    "    \n",
    "    c2 =0\n",
    "    \n",
    "    for nn in range(len(q_optimal_2)):\n",
    "        \n",
    "        c2 = c2 + np.log2(1 + (1/noise_variance)* np.square(S[nn])*q_optimal_2[nn])\n",
    "        \n",
    "    q_optimal_3 = sigma_three(noise_variance,S1,S2,S3,q_optimal_2)\n",
    "    \n",
    "    c3 =0\n",
    "    \n",
    "    for pp in range(len(q_optimal_3)):\n",
    "        \n",
    "        c3 = c3 + np.log2(1 + (1/noise_variance)* np.square(S[pp])*q_optimal_3[pp])\n",
    "        \n",
    "    q_optimal_4 = sigma_four(noise_variance,S1,S2,S3,S4,q_optimal_3)\n",
    "    \n",
    "    c4 = 0\n",
    "    \n",
    "    for ss in range(len(q_optimal_4)):\n",
    "        \n",
    "        c4 = c4 + np.log2(1 + (1/noise_variance)* np.square(S[ss])*q_optimal_4[ss])\n",
    "    \n",
    "    c = [c1, c2, c3, c4]\n",
    "    \n",
    "    c = max(c)\n",
    "    \n",
    "    return c"
   ]
  },
  {
   "cell_type": "code",
   "execution_count": 13,
   "id": "673ba514",
   "metadata": {},
   "outputs": [],
   "source": [
    "def diagonalQ(noise_variance,S):\n",
    "    \n",
    "    S1 = S[0]\n",
    "    \n",
    "    S2 = S[1]\n",
    "    \n",
    "    S3 = S[2]\n",
    "    \n",
    "    S4 = S[3]\n",
    "    \n",
    "    S = [S1, S2, S3, S4]\n",
    "    \n",
    "    q_optimal_1 = sigma_one(noise_variance,S1)\n",
    "    \n",
    "    q_optimal_2 = sigma_two(noise_variance,S1,S2,q_optimal_1)\n",
    "    \n",
    "    q_optimal_3 = sigma_three(noise_variance,S1,S2,S3,q_optimal_2)\n",
    "    \n",
    "    q_optimal_4 = sigma_four(noise_variance,S1,S2,S3,S4,q_optimal_3)\n",
    "    \n",
    "    return q_optimal_4"
   ]
  },
  {
   "cell_type": "code",
   "execution_count": 14,
   "id": "c4dc8dad",
   "metadata": {},
   "outputs": [],
   "source": [
    "def Capacity_Rs():\n",
    "    \n",
    "    \n",
    "    \n",
    "    for jj in range(len(eb_no_db)):\n",
    "        \n",
    "        nTx = 4\n",
    "        \n",
    "        nRx = 4\n",
    "        \n",
    "        snr = 10**(eb_no_db[jj] / 10)\n",
    "        \n",
    "        Rz = 10**(-eb_no_db[jj] / 10) * np.eye(nRx)\n",
    "        \n",
    "        Rz_inverse = np.linalg.inv(Rz)\n",
    "        \n",
    "        Rs = np.divide(Es, nTx) * np.eye(nTx)\n",
    "        \n",
    "        capacity = 0\n",
    "        \n",
    "        for ii in range(N):\n",
    "            \n",
    "            H = (1/np.sqrt(2)) * (np.random.randn(nTx,nRx) + 1j * np.random.randn(nTx,nRx))\n",
    "    \n",
    "            H_hermitian = np.conjugate(H)\n",
    "        \n",
    "            H_hermitian = np.transpose(H_hermitian)\n",
    "            \n",
    "            X = np.dot(np.dot(np.dot(Rz_inverse, H), Rs), H_hermitian)\n",
    "            \n",
    "            Y = np.eye(4)\n",
    "            \n",
    "            Z = X + Y\n",
    "            \n",
    "            c = np.log2(np.abs(np.linalg.det(Z)))\n",
    "            \n",
    "            capacity += c\n",
    "\n",
    "        capacity =capacity / N\n",
    "        \n",
    "        capacity_rate[jj] = capacity\n",
    "        \n",
    "        \n",
    "\n",
    "    return capacity_rate\n"
   ]
  },
  {
   "cell_type": "code",
   "execution_count": 15,
   "id": "dfb1ee20",
   "metadata": {},
   "outputs": [],
   "source": [
    "def capacity_reduced_form():\n",
    "    \n",
    "    for jj in range(len(eb_no_db)):\n",
    "        \n",
    "        nTx = 4\n",
    "        \n",
    "        nRx = 4\n",
    "        \n",
    "        Es = 1\n",
    "        \n",
    "        Rz = 10**(-eb_no_db[jj] / 10) * np.eye(nRx)\n",
    "        \n",
    "        Rz_inverse = np.linalg.inv(Rz)\n",
    "        \n",
    "        capacity = 0\n",
    "        \n",
    "        for ii in range(N):\n",
    "            \n",
    "            H = (1/np.sqrt(2)) * (np.random.randn(nTx,nRx) + 1j * np.random.randn(nTx,nRx))\n",
    "            \n",
    "            U, S, Vh = np.linalg.svd(H)\n",
    "    \n",
    "            noise_variance = 10**(-eb_no_db[jj] / 10)\n",
    "        \n",
    "            c = capacity_each_channel(Es,nTx,noise_variance,S)\n",
    "            \n",
    "            capacity = capacity + c    \n",
    "        \n",
    "        capacity = capacity / N\n",
    "        \n",
    "        capacity_rate_reduced[jj] = capacity\n",
    "        \n",
    "    return capacity_rate_reduced"
   ]
  },
  {
   "cell_type": "code",
   "execution_count": 16,
   "id": "ea346b1c",
   "metadata": {},
   "outputs": [],
   "source": [
    "def reduced_csit():\n",
    "    \n",
    "    for jj in range(len(eb_no_db)):\n",
    "        \n",
    "        snr = 10**(eb_no_db[jj] / 10)\n",
    "        \n",
    "        noise_variance = (1/snr)\n",
    "        \n",
    "        nTx = 4\n",
    "        \n",
    "        nRx = 4\n",
    "        \n",
    "        total_capacity = 0\n",
    "        \n",
    "        for ii in range(N):\n",
    "            \n",
    "            H = (1/np.sqrt(2)) * (np.random.randn(nTx,nRx) + 1j * np.random.randn(nTx,nRx))\n",
    "            \n",
    "            U,S,Vh = np.linalg.svd(H)\n",
    "            \n",
    "            capacity_values = capacity(noise_variance,S)\n",
    "            \n",
    "            total_capacity = total_capacity + capacity_values\n",
    "            \n",
    "        capacity_rate_CSIT_reduced[jj] = total_capacity / N\n",
    "        \n",
    "    return capacity_rate_CSIT_reduced\n",
    "            "
   ]
  },
  {
   "cell_type": "code",
   "execution_count": 17,
   "id": "eef697d9",
   "metadata": {},
   "outputs": [],
   "source": [
    "def csit_Rs():\n",
    "    \n",
    "    for jj in range(len(eb_no_db)):\n",
    "        \n",
    "        snr = 10**(eb_no_db[jj] / 10)\n",
    "        \n",
    "        nTx = 4\n",
    "        \n",
    "        nRx = 4\n",
    "        \n",
    "        Rz = (1/snr) * np.eye(nRx)\n",
    "        \n",
    "        Rz_inverse = np.linalg.inv(Rz )\n",
    "        \n",
    "        noise_variance = (1/snr)\n",
    "        \n",
    "        total_capacity = 0\n",
    "        \n",
    "        for ii in range(N):\n",
    "            \n",
    "            H = (1/np.sqrt(2)) * (np.random.randn(nTx,nRx) + 1j * np.random.randn(nTx,nRx))\n",
    "            \n",
    "            H_hermitian = np.conjugate(H)\n",
    "            \n",
    "            H_hermitian = np.transpose(H_hermitian)\n",
    "            \n",
    "            U,S,Vh = np.linalg.svd(H)\n",
    "            \n",
    "            V = np.conjugate(Vh)\n",
    "            \n",
    "            V = np.transpose(V)\n",
    "            \n",
    "            diagonal_q = diagonalQ(noise_variance,S)\n",
    "            \n",
    "            \n",
    "            diagonal_matrix = np.diag(diagonal_q)\n",
    "            \n",
    "            if diagonal_matrix.shape[0] < 4 or diagonal_matrix.shape[1] < 4:\n",
    "                \n",
    "                diagonal_matrix = np.pad(diagonal_matrix, ((0, 4 - diagonal_matrix.shape[0]), (0, 4 - diagonal_matrix.shape[1])), mode='constant')\n",
    "            \n",
    "            Rs = V @ diagonal_matrix @ Vh\n",
    "            \n",
    "            z = (np.eye(nRx) + Rz_inverse @ H @ Rs @ H_hermitian)\n",
    "            \n",
    "            c = np.linalg.det(z)\n",
    "            c = np.log2(abs(c))\n",
    "            \n",
    "            total_capacity = total_capacity + c\n",
    "            \n",
    "        capacity_rate_CSIT[jj] = total_capacity / N\n",
    "    \n",
    "    return capacity_rate_CSIT"
   ]
  },
  {
   "cell_type": "code",
   "execution_count": 18,
   "id": "792ac146",
   "metadata": {},
   "outputs": [
    {
     "name": "stdout",
     "output_type": "stream",
     "text": [
      "[0.577697338231605, 0.34994429927644594, 0.07235836249194905]\n",
      "[0.5674915551364764, 0.4191621454179843, 0.013346299445539223]\n",
      "[0.5624967871107088, 0.43750321288929117]\n",
      "[0.5332639524193155, 0.46673604758068454]\n",
      "[0.5399136630084208, 0.4600863369915792]\n",
      "[0.5064766853580834, 0.4712113755668257, 0.02231193907509088]\n",
      "[0.5161899804691811, 0.4838100195308188]\n",
      "[0.41709963850940157, 0.3424222932091804, 0.24047806828141804]\n",
      "[0.5384549813513136, 0.46154501864868624]\n",
      "[0.4647912871013705, 0.4419081140450394, 0.09330059885358988]\n",
      "[0.4788508433168576, 0.3581449500940906, 0.16300420658905174]\n",
      "[0.42635783870201316, 0.4035916816373262, 0.17005047966066072]\n",
      "[0.5664815112943118, 0.43351848870568827]\n",
      "[0.41461608993053733, 0.37260437087246784, 0.2127795391969945]\n",
      "[0.5640839776761034, 0.3782368563795302, 0.05767916594436606]\n",
      "[0.5161707088587332, 0.4150341707425019, 0.06879512039876479]\n",
      "[0.562617634552241, 0.4373823654477591]\n",
      "[0.3943643659215621, 0.32258781060362784, 0.28304782347480995]\n",
      "[0.5553559176121005, 0.44464408238789954]\n",
      "[0.46078587276273164, 0.40524581027036166, 0.1339683169669068]\n",
      "[0.41465231105873257, 0.3697326411756726, 0.2156150477655947]\n",
      "[0.4713726382515987, 0.41951456793147424, 0.10911279381692685]\n",
      "[0.49067093906118414, 0.3751673462431133, 0.13416171469570237]\n",
      "[0.46007926339152977, 0.3590761210376038, 0.18084461557086629]\n",
      "[0.5577719625576467, 0.3874387802427811, 0.05478925719957206]\n",
      "[0.6215753306017312, 0.37842466939826885]\n",
      "[0.5286820334418993, 0.35877666512170026, 0.11254130143640029]\n",
      "[0.4728205785773725, 0.3411097368570929, 0.18606968456553463]\n",
      "[0.5061065121253612, 0.45461177793497165, 0.039281709939667064]\n",
      "[0.581875079551273, 0.4181249204487269]\n",
      "[0.5210649615834663, 0.4505178830929575, 0.02841715532357625]\n",
      "[0.6590566246192512, 0.3409433753807489]\n",
      "[0.6418651137430927, 0.32144839819213006, 0.036686488064777256]\n",
      "[0.5870206841220171, 0.41297931587798287]\n",
      "[0.5134934127584543, 0.2873949772836173, 0.19911160995792831]\n",
      "[0.547613540872962, 0.45238645912703807]\n",
      "[0.5547421223375153, 0.3363082414685371, 0.10894963619394749]\n",
      "[0.5193756702695292, 0.48062432973047076]\n",
      "[0.4625795803564826, 0.401667074769914, 0.1357533448736034]\n",
      "[0.5000651650494727, 0.3529854301657289, 0.14694940478479818]\n",
      "[0.5098740964513235, 0.4166020676110044, 0.07352383593767198]\n",
      "[0.5652653530325499, 0.43473464696745]\n",
      "[0.5485574627881195, 0.45144253721188066]\n",
      "[0.5650271545911971, 0.37114706524448915, 0.06382578016431362]\n",
      "[0.6214724485718783, 0.3785275514281217]\n",
      "[0.4797056174916573, 0.36322020987122816, 0.15707417263711426]\n",
      "[0.6388195651716707, 0.36118043482832946]\n",
      "[0.5412805020520243, 0.45871949794797573]\n",
      "[0.41444620470354304, 0.31444690044757295, 0.27110689484888406]\n",
      "[0.5570294675142938, 0.44297053248570617]\n",
      "[0.5251763064947071, 0.41241090599998403, 0.06241278750530854]\n",
      "[0.5149543364932295, 0.34447180106790476, 0.14057386243886544]\n",
      "[0.5509856451876037, 0.44901435481239627]\n",
      "[0.455277520395243, 0.38188690450913454, 0.1628355750956223]\n",
      "[0.5498679123795056, 0.4501320876204945]\n",
      "[0.5595158729939523, 0.4404841270060478]\n",
      "[0.4091631997110886, 0.39089720653016136, 0.19993959375875003]\n",
      "[0.5745593740678807, 0.4254406259321194]\n",
      "[0.47107582064959674, 0.40093456848973597, 0.127989610860667]\n",
      "[0.47631695016513736, 0.3688517212182992, 0.15483132861656324]\n",
      "[0.4708570072241137, 0.4142456514213027, 0.11489734135458346]\n",
      "[0.4005105121182664, 0.36584528709158726, 0.23364420079014642]\n",
      "[0.5590861326052491, 0.44091386739475086]\n",
      "[0.5197036119344959, 0.468229858419289, 0.01206652964621513]\n",
      "[0.44349293411510254, 0.32365353776526085, 0.23285352811963628]\n",
      "[0.5118433981146775, 0.4021383977032419, 0.0860182041820804]\n",
      "[0.4442130089507714, 0.32092667607508496, 0.2348603149741434]\n",
      "[0.464108718489498, 0.42130762145303685, 0.11458366005746529]\n",
      "[0.4314483638344351, 0.3290696661318192, 0.23948197003374572]\n",
      "[0.564164446996035, 0.43583555300396504]\n",
      "[0.43673760760827196, 0.3638047671675614, 0.1994576252241666]\n",
      "[0.5086893556985155, 0.3876089467237084, 0.10370169757777586]\n",
      "[0.45523491760851065, 0.4202538424953586, 0.12451123989613061]\n",
      "[0.50712235688772, 0.3506259668184984, 0.14225167629378144]\n",
      "[0.46874663580036546, 0.38156206006874077, 0.14969130413089338]\n",
      "[0.7833069975920298, 0.21669300240797018]\n",
      "[0.5082128228490083, 0.413854811768527, 0.0779323653824644]\n",
      "[0.5824829498053963, 0.4175170501946039]\n",
      "[0.6532972857585632, 0.346702714241437]\n",
      "[0.4498876837964131, 0.32105606017319477, 0.22905625603039198]\n",
      "[0.6245180299429451, 0.37548197005705475]\n",
      "[0.5081724128811843, 0.4593881454427998, 0.03243944167601576]\n",
      "[0.45699003025232837, 0.2854922634548176, 0.2575177062928539]\n",
      "[0.44472660744716164, 0.31372647470536463, 0.24154691784747362]\n",
      "[0.508541749927871, 0.3453190711066221, 0.14613917896550688]\n",
      "[0.5982789461024862, 0.4017210538975137]\n",
      "[0.591885954116616, 0.408114045883384]\n",
      "[0.5838482253244357, 0.3627933058870232, 0.053358468788541]\n",
      "[0.567980175446787, 0.4165571062275471, 0.015462718325665925]\n",
      "[0.6408587436181724, 0.3591412563818275]\n",
      "[0.5928103983587079, 0.4071896016412921]\n",
      "[0.5300660044506466, 0.46993399554935333]\n",
      "[0.601388666636159, 0.39861133336384097]\n",
      "[0.5700231717194003, 0.39971369587228134, 0.03026313240831824]\n",
      "[0.5536790303434704, 0.31075331560253944, 0.13556765405399002]\n",
      "[0.6020566303453923, 0.39794336965460775]\n",
      "[0.5450170413808393, 0.45498295861916066]\n",
      "[0.4423939341707599, 0.3943192365160423, 0.16328682931319777]\n",
      "[0.517415395364102, 0.44143171714089746, 0.04115288749500068]\n",
      "[0.5955639311257204, 0.40443606887427963]\n",
      "[0.5443278091459933, 0.4556721908540067]\n",
      "[0.48047670849643026, 0.38392007492273555, 0.13560321658083413]\n",
      "[0.5653996908639956, 0.43460030913600445]\n",
      "[0.6002356905307386, 0.3997643094692615]\n",
      "[0.5846344592068272, 0.4153655407931728]\n",
      "[0.4611149666339896, 0.4192545775227752, 0.119630455843235]\n",
      "[0.43554649566269715, 0.39153433101705226, 0.17291917332025042]\n",
      "[0.531639369469522, 0.46836063053047816]\n",
      "[0.5413286662049396, 0.4586713337950603]\n",
      "[0.5597665896552874, 0.4402334103447126]\n",
      "[0.5430759459561882, 0.4569240540438118]\n",
      "[0.6800453022392341, 0.319954697760766]\n",
      "[0.4974427966249263, 0.3700009085164725, 0.1325562948586011]\n",
      "[0.6336709447704276, 0.3663290552295725]\n",
      "[0.5799306857068963, 0.34843816899421465, 0.07163114529888881]\n",
      "[0.5907441205433408, 0.40925587945665926]\n",
      "[0.6578434806933676, 0.3421565193066323]\n",
      "[0.5828034323093726, 0.41719656769062724]\n",
      "[0.5920350521617875, 0.40796494783821247]\n",
      "[0.6883774082647476, 0.3116225917352524]\n",
      "[0.586183285032211, 0.37866761134139554, 0.03514910362639356]\n",
      "[0.4697043922318922, 0.3317763433236465, 0.19851926444446122]\n",
      "[0.5767846177490233, 0.4232153822509767]\n",
      "[0.5547186618535316, 0.4195540415344469, 0.025727296612021444]\n",
      "[0.530813728834261, 0.400131607858523, 0.06905466330721599]\n",
      "[0.42362978741974805, 0.35224916377266763, 0.22412104880758427]\n",
      "[0.5193918661228938, 0.4806081338771062]\n",
      "[0.5287124120255936, 0.33288766767167083, 0.1383999203027355]\n",
      "[0.5670337362500559, 0.4329662637499442]\n",
      "[0.515699599277165, 0.48430040072283487]\n",
      "[0.60898037994617, 0.39101962005382984]\n",
      "[0.7057936399523344, 0.24604050148647094, 0.04816585856119493]\n",
      "[0.5347103377373701, 0.3960947847631252, 0.06919487749950437]\n",
      "[0.6348655719791345, 0.3651344280208656]\n",
      "[0.5870442509438581, 0.41295574905614185]\n",
      "[0.5606264123203301, 0.43937358767966994]\n",
      "[0.5857709840431017, 0.41422901595689837]\n",
      "[0.5642883650517526, 0.43571163494824744]\n",
      "[0.5186863394646435, 0.4813136605353565]\n",
      "[0.48702706528937606, 0.40601329189051527, 0.10695964282010861]\n",
      "[0.552022969650057, 0.44797703034994285]\n",
      "[0.5378804566204752, 0.35018861279905056, 0.1119309305804741]\n",
      "[0.5495565317182085, 0.44303481970472414, 0.007408648577067245]\n",
      "[0.5364507209743989, 0.46354927902560106]\n",
      "[0.5546113101783474, 0.4453886898216526]\n",
      "[0.5575522930566619, 0.4424477069433382]\n",
      "[0.5948697327911721, 0.405130267208828]\n",
      "[0.5527793073937768, 0.4472206926062231]\n",
      "[0.67028253528835, 0.3297174647116501]\n",
      "[0.5620841423414893, 0.43791585765851065]\n",
      "[0.532261001907459, 0.467738998092541]\n",
      "[0.48539835125737707, 0.37224527898687876, 0.14235636975574395]\n",
      "[0.5021316380229578, 0.36043191542905784, 0.13743644654798431]\n",
      "[0.4855223429565739, 0.34812067264269175, 0.16635698440073426]\n",
      "[0.6015696825092806, 0.32869163367259885, 0.06973868381812032]\n",
      "[0.516957997780038, 0.32272103137390346, 0.1603209708460585]\n",
      "[0.5824448732668254, 0.36567648558285365, 0.051878641150320925]\n",
      "[0.5678974411637082, 0.43210255883629184]\n",
      "[0.6051707715133252, 0.3948292284866747]\n",
      "[0.5877095566193691, 0.3338494741188159, 0.07844096926181465]\n",
      "[0.5480289370618193, 0.4519710629381807]\n",
      "[0.6018556610929634, 0.3981443389070366]\n",
      "[0.5044906734112766, 0.3149772356936672, 0.18053209089505579]\n",
      "[0.5478829391748394, 0.4521170608251607]\n",
      "[0.5122830527696923, 0.4877169472303078]\n",
      "[0.9134769313616063, 0.08652306863839387]\n",
      "[0.5669408855761859, 0.43305911442381406]\n",
      "[0.44691280830742663, 0.3826440739858722, 0.17044311770670106]\n",
      "[0.4368857689296412, 0.40540362278987857, 0.15771060828048028]\n",
      "[0.5516879545100755, 0.4483120454899245]\n",
      "[0.5491139694549796, 0.42840847942826504, 0.022477551116755423]\n",
      "[0.5740634918684845, 0.4259365081315156]\n",
      "[0.4315024286630934, 0.35848265701531223, 0.2100149143215943]\n",
      "[0.5180676706332457, 0.41500773014228404, 0.06692459922447025]\n",
      "[0.561161491360471, 0.4388385086395291]\n",
      "[0.5563027233917623, 0.44369727660823777]\n",
      "[0.6366121172147382, 0.3633878827852618]\n",
      "[0.6443253388297696, 0.35567466117023044]\n",
      "[0.5427806060430043, 0.45721939395699573]\n",
      "[0.5876254205115045, 0.41237457948849543]\n",
      "[0.5252921782451601, 0.46797321734870545, 0.006734604406134159]\n",
      "[0.6040857902999186, 0.3959142097000814]\n",
      "[0.5151218099854816, 0.3703387743518416, 0.11453941566267684]\n",
      "[0.6166479298921415, 0.3833520701078584]\n",
      "[0.5176470319095856, 0.4823529680904145]\n",
      "[0.42294681642215526, 0.363726856527839, 0.21332632705000554]\n",
      "[0.560380507540961, 0.43961949245903886]\n",
      "[0.5372521254063077, 0.46274787459369215]\n",
      "[0.5600579995614415, 0.4399420004385586]\n",
      "[0.4960715351050402, 0.402192497523156, 0.10173596737180346]\n",
      "[0.569255615462345, 0.43074438453765496]\n",
      "[0.6945157041332598, 0.3054842958667401]\n",
      "[0.5256093337613965, 0.4743906662386036]\n",
      "[0.6133369115050643, 0.38666308849493586]\n",
      "[0.5857343624914392, 0.35848005983004483, 0.055785577678515996]\n",
      "[0.5290514682169755, 0.3513605816019598, 0.1195879501810645]\n",
      "[0.5098900176067462, 0.4439083028875058, 0.04620167950574783]\n",
      "[0.5474716380997299, 0.4525283619002701]\n",
      "[0.4779629870933307, 0.33128792932964735, 0.19074908357702186]\n",
      "[0.5966702752579798, 0.4033297247420201]\n",
      "[0.43193091346399004, 0.3590423406581006, 0.20902674587790915]\n",
      "[0.5219872669031832, 0.4057527792865179, 0.0722599538102987]\n",
      "[0.5099924850239749, 0.45230713276869916, 0.037700382207325855]\n",
      "[0.5874067996550727, 0.4125932003449274]\n",
      "[0.5536429750725591, 0.33915185408825044, 0.10720517083919023]\n",
      "[0.5457870867508852, 0.45421291324911495]\n",
      "[0.5823346194825223, 0.41766538051747776]\n",
      "[0.6323883251592994, 0.36761167484070045]\n",
      "[0.5476931050658257, 0.4427293929254815, 0.009577502008692673]\n",
      "[0.5326155629509144, 0.4673844370490858]\n",
      "[0.48989912494944177, 0.3990980828544538, 0.1110027921961042]\n",
      "[0.4598808068753074, 0.32509821031894853, 0.2150209828057441]\n",
      "[0.4772840248117536, 0.3570963038000698, 0.16561967138817663]\n",
      "[0.442028203323252, 0.3565326720548324, 0.2014391246219155]\n",
      "[0.7156043504279694, 0.28439564957203056]\n",
      "[0.5416012269822938, 0.45839877301770626]\n",
      "[0.5769057737420158, 0.4230942262579841]\n",
      "[0.4861207997007576, 0.4184165888416672, 0.09546261145757517]\n",
      "[0.5367652390243193, 0.4322440604265697, 0.030990700549111017]\n",
      "[0.6132113502852126, 0.3867886497147875]\n",
      "[0.528409985101819, 0.3798993476386875, 0.09169066725949337]\n",
      "[0.5594200699786026, 0.4405799300213974]\n",
      "[0.48331140652940996, 0.41780509470386956, 0.09888349876672031]\n",
      "[0.5596543818201236, 0.44034561817987644]\n",
      "[0.5149744303574281, 0.37323910842225727, 0.1117864612203146]\n",
      "[0.5467701705113569, 0.45322982948864315]\n",
      "[0.6042417886555848, 0.39575821134441524]\n",
      "[0.49411950418685574, 0.3366181180562242, 0.16926237775692]\n",
      "[0.533618562319759, 0.31460709681422644, 0.15177434086601443]\n",
      "[0.5090158349325361, 0.3678352564973477, 0.12314890857011601]\n",
      "[0.5830209659950246, 0.3969016012198364, 0.020077432785138738]\n",
      "[0.5438885495721995, 0.45611145042780066]\n",
      "[0.48122424266003155, 0.3310770874373005, 0.18769866990266776]\n",
      "[0.5812957546298485, 0.4124290750004435, 0.0062751703697078165]\n",
      "[0.48163645502577784, 0.4301324400482861, 0.08823110492593589]\n",
      "[0.42226116122921226, 0.3370524371315964, 0.24068640163919114]\n",
      "[0.5226281480183921, 0.3818083692146591, 0.09556348276694882]\n",
      "[0.48675984662179106, 0.406016937954606, 0.10722321542360286]\n",
      "[0.5740755757142495, 0.4259244242857504]\n",
      "[0.518116764912109, 0.34561815085071446, 0.13626508423717643]\n",
      "[0.5231382985589593, 0.3307887653801221, 0.14607293606091842]\n",
      "[0.6114263219739077, 0.38857367802609233]\n",
      "[0.5589216087064516, 0.41024803413752897, 0.03083035715601945]\n",
      "[0.437591709870369, 0.31323088182901015, 0.24917740830062068]\n",
      "[0.6404847679483132, 0.35951523205168673]\n",
      "[0.5269392714890081, 0.4730607285109919]\n",
      "[0.4322366422354747, 0.29868929742161415, 0.26907406034291104]\n",
      "[0.4846417040034465, 0.4358305177169917, 0.07952777827956165]\n",
      "[0.6213389398036613, 0.3786610601963389]\n",
      "[0.5970332036976762, 0.4029667963023237]\n",
      "[0.4023747017916546, 0.3474992900564133, 0.2501260081519318]\n",
      "[0.6038447646916372, 0.39615523530836283]\n",
      "[0.5488272490710902, 0.45117275092890996]\n",
      "[0.49972408191715995, 0.35230833366939546, 0.14796758441344426]\n",
      "[0.5329517070177383, 0.4670482929822616]\n",
      "[0.4655628576169185, 0.37802795456797034, 0.15640918781511115]\n",
      "[0.5191842373216223, 0.3775862702001539, 0.10322949247822377]\n",
      "[0.5812175807823755, 0.4187824192176245]\n",
      "[0.5797707265222987, 0.4048278588466586, 0.01540141463104261]\n",
      "[0.5428209670430989, 0.39772481319740033, 0.059454219759500715]\n",
      "[0.550070479979405, 0.4499295200205951]\n",
      "[0.4694935921072353, 0.4010074019730203, 0.12949900591974428]\n",
      "[0.6070402985029166, 0.39295970149708337]\n",
      "[0.5144610227483023, 0.43279022873582534, 0.05274874851587219]\n",
      "[0.5841406938235023, 0.41585930617649763]\n",
      "[0.5420653995288753, 0.41694539642814865, 0.0409892040429759]\n",
      "[0.566598259720185, 0.43340174027981515]\n",
      "[0.5485114686497172, 0.4514885313502829]\n",
      "[0.6254963405923857, 0.31404715401075517, 0.060456505396859095]\n",
      "[0.5182514003669804, 0.4159858454187333, 0.06576275421428612]\n",
      "[0.5390654398176781, 0.37920814601589337, 0.08172641416642867]\n",
      "[0.598216609767211, 0.4017833902327891]\n",
      "[0.6306978471311179, 0.3693021528688823]\n",
      "[0.938555135354226, 0.061444864645774144]\n",
      "[0.5244744692758793, 0.47291758617662727, 0.002607944547493357]\n",
      "[0.5404025095945039, 0.382292351484383, 0.07730513892111301]\n",
      "[0.5190090390838061, 0.4809909609161938]\n",
      "[0.47039324744571087, 0.3417144119470039, 0.18789234060728516]\n",
      "[0.5630734387161186, 0.43692656128388146]\n",
      "[0.5745147439432816, 0.3881662108652631, 0.03731904519145479]\n",
      "[0.5520280805998748, 0.4277877097040961, 0.020184209696028854]\n",
      "[0.6248695789318668, 0.37513042106813316]\n",
      "[0.676205699265384, 0.32379430073461607]\n",
      "[0.475396025272684, 0.3381447504794458, 0.1864592242478701]\n",
      "[0.49990739292370173, 0.41015449752977673, 0.08993810954652126]\n",
      "[0.5700630878547132, 0.42993691214528673]\n",
      "[0.47279608178476346, 0.34385756239917414, 0.18334635581606218]\n",
      "[0.5641229404557055, 0.43587705954429445]\n",
      "[0.6494780086163779, 0.3505219913836221]\n",
      "[0.6892006307845824, 0.31079936921541745]\n",
      "[0.436553881837211, 0.3399072237743696, 0.223538894388419]\n",
      "[0.5555353754065454, 0.29653571821256686, 0.14792890638088774]\n",
      "[0.43082768633664914, 0.37834510571770086, 0.19082720794564983]\n",
      "[0.4856921474059378, 0.4044101478038892, 0.10989770479017297]\n",
      "[0.6039108759108534, 0.3960891240891465]\n",
      "[0.5164934555543, 0.48350654444570007]\n",
      "[0.5211744683184047, 0.44329026898459395, 0.035535262697001135]\n",
      "[0.46189343328869903, 0.3826827702378597, 0.1554237964734413]\n",
      "[0.5717870694729565, 0.3560193043441718, 0.07219362618287184]\n",
      "[0.6187310428031454, 0.38126895719685466]\n",
      "[0.5954509834397512, 0.40454901656024883]\n",
      "[0.6093870453160921, 0.39061295468390794]\n",
      "[0.46443690830147033, 0.40034495954589555, 0.13521813215263406]\n",
      "[0.5167012517704, 0.48329874822959995]\n",
      "[0.6130729340289499, 0.38692706597105]\n",
      "[0.4039105840614761, 0.36750055570652895, 0.22858886023199476]\n",
      "[0.577998114142965, 0.422001885857035]\n",
      "[0.5054097775691735, 0.38475328673284737, 0.10983693569797903]\n",
      "[0.41087321798938115, 0.3461999038558716, 0.24292687815474712]\n",
      "[0.6216889218139047, 0.3660166739569426, 0.012294404229152622]\n",
      "[0.5956194218676585, 0.40438057813234146]\n",
      "[0.48161314843790193, 0.4453740492858352, 0.07301280227626278]\n",
      "[0.5088402858110048, 0.35651525540889084, 0.1346444587801045]\n",
      "[0.5340159622025895, 0.4659840377974105]\n",
      "[0.44818091381351177, 0.3201097332133737, 0.23170935297311424]\n",
      "[0.5229090308114881, 0.47709096918851185]\n",
      "[0.534916549296392, 0.3786824005807845, 0.0864010501228234]\n",
      "[0.6075117565931375, 0.3924882434068625]\n",
      "[0.5404917058645486, 0.4191653292416009, 0.04034296489385025]\n",
      "[0.7481495780532138, 0.2518504219467863]\n",
      "[0.5761680130381549, 0.423831986961845]\n",
      "[0.5632590359178363, 0.4367409640821637]\n",
      "[0.43501357499761395, 0.32590919944512886, 0.23907722555725697]\n",
      "[0.510373473352478, 0.35678929936506953, 0.1328372272824525]\n",
      "[0.47859962428447533, 0.3868441997198816, 0.13455617599564307]\n",
      "[0.5970073843261138, 0.4029926156738861]\n",
      "[0.8394364436001005, 0.1605635563998994]\n",
      "[0.5277503745379005, 0.4432487104014837, 0.02900091506061553]\n",
      "[0.47838126562755623, 0.39888976093909506, 0.1227289734333486]\n",
      "[0.5832949186514809, 0.40213250590272326, 0.014572575445795821]\n",
      "[0.47432884417426713, 0.4033163877534709, 0.12235476807226187]\n",
      "[0.6619146034451432, 0.3380853965548568]\n",
      "[0.4553738104569852, 0.39876634027707275, 0.1458598492659418]\n",
      "[0.5681348192101598, 0.4318651807898402]\n",
      "[0.4741062210739857, 0.3690539545449335, 0.15683982438108085]\n",
      "[0.6030593695584946, 0.3969406304415054]\n",
      "[0.4912469464279633, 0.4037793177669198, 0.10497373580511687]\n",
      "[0.534768076085758, 0.3867808801194222, 0.07845104379481971]\n",
      "[0.4615845225229336, 0.351908998341219, 0.1865064791358474]\n",
      "[0.55666340540475, 0.44333659459524993]\n",
      "[0.5390597800296617, 0.4609402199703383]\n",
      "[0.5490630050506957, 0.3628824901416579, 0.08805450480764598]\n",
      "[0.5330902111487569, 0.3677792797111029, 0.09913050914013999]\n",
      "[0.7050069912420815, 0.29499300875791834]\n",
      "[0.599938105823292, 0.400061894176708]\n",
      "[0.5236645084606671, 0.4763354915393327]\n",
      "[0.5366489343335379, 0.4633510656664621]\n",
      "[0.46097290542756086, 0.3854947468021503, 0.1535323477702888]\n",
      "[0.5542830981947703, 0.4457169018052298]\n",
      "[0.5379226926081953, 0.46207730739180475]\n",
      "[0.5373991065729172, 0.31801546653272783, 0.14458542689435483]\n",
      "[0.5919717378359851, 0.408028262164015]\n",
      "[0.5351793259888981, 0.46482067401110194]\n",
      "[0.5378398828680269, 0.46216011713197325]\n",
      "[0.5440072151028202, 0.4153664017233625, 0.04062638317381706]\n",
      "[0.533355084248963, 0.3592961567200888, 0.10734875903094787]\n",
      "[0.5534212506938649, 0.44657874930613495]\n",
      "[0.5032928416726083, 0.4100679712383489, 0.08663918708904284]\n",
      "[0.5129772865140841, 0.39565085052936494, 0.09137186295655064]\n",
      "[0.5035029315210898, 0.4348050522311538, 0.06169201624775644]\n",
      "[0.6342170229702487, 0.36578297702975116]\n",
      "[0.40597779097657816, 0.35129635398978737, 0.24272585503363453]\n",
      "[0.5440574675300239, 0.45594253246997607]\n",
      "[0.5583658797800077, 0.4416341202199922]\n",
      "[0.6487194652300399, 0.35128053476996]\n",
      "[0.49315638558051816, 0.45126499799413805, 0.05557861642534356]\n",
      "[0.5184173990518994, 0.418343872163334, 0.06323872878476622]\n",
      "[0.5522528844313619, 0.4477471155686382]\n",
      "[0.5519289767316078, 0.4480710232683921]\n",
      "[0.6105753588608125, 0.3894246411391877]\n",
      "[0.5699928691608103, 0.4300071308391898]\n",
      "[0.46519301007601865, 0.3866362594365117, 0.14817073048746943]\n",
      "[0.5025989483967214, 0.38835388541703186, 0.10904716618624666]\n",
      "[0.5291109359163102, 0.4708890640836897]\n",
      "[0.5490812282308797, 0.3810301399948418, 0.0698886317742784]\n",
      "[0.5730607676829224, 0.4269392323170775]\n",
      "[0.5882036772762556, 0.4117963227237445]\n",
      "[0.5918920168482595, 0.29403400547698366, 0.11407397767475669]\n",
      "[0.4348147810145668, 0.3541241077358449, 0.21106111124958815]\n",
      "[0.5306101250652568, 0.46938987493474316]\n",
      "[0.4485432068708133, 0.37865147528301396, 0.17280531784617276]\n",
      "[0.4668182782034828, 0.384983962895203, 0.14819775890131426]\n",
      "[0.5936830532391356, 0.4063169467608644]\n",
      "[0.5397572252951275, 0.46024277470487274]\n",
      "[0.42612091556522624, 0.37883858251786, 0.19504050191691374]\n",
      "[0.4546289436483554, 0.36556559445608117, 0.17980546189556318]\n",
      "[0.5391815218405116, 0.4566851580452034, 0.0041333201142848]\n",
      "[0.5918009246053934, 0.3949394074014681, 0.013259667993138269]\n",
      "[0.5000813089809747, 0.37443028352682517, 0.12548840749220003]\n",
      "[0.6319722585613595, 0.3680277414386405]\n",
      "[0.5891486715857647, 0.4108513284142354]\n",
      "[0.5276917378777215, 0.4432925425495837, 0.029015719572694554]\n",
      "[0.4736394765863965, 0.3789638859685897, 0.14739663744501363]\n",
      "[0.567802664379436, 0.423091627811075, 0.009105707809488828]\n",
      "[0.5874734046680855, 0.41252659533191444]\n",
      "[0.578052542628614, 0.42194745737138595]\n",
      "[0.44179674822915344, 0.36924355592927205, 0.1889596958415743]\n",
      "[0.6066262649833843, 0.3933737350166156]\n",
      "[0.501677193067621, 0.3703534524743949, 0.12796935445798402]\n",
      "[0.5187586603838138, 0.47020709283643103, 0.011034246779755175]\n",
      "[0.47573562908197853, 0.3428250724376424, 0.1814392984803791]\n",
      "[0.6747289842336238, 0.32527101576637607]\n",
